
Solução algoritmo guloso : 
424   206   125   1083   85   1197   849   487   193   270   586   433   490   1201   951   502   800   884   1132   727   
610   890   972   1163   392   205   390   462   63   493   802   163   742   411   349   249   1261   363   1040   2   
389   1075   1120   454   1134   1064   584   545   14   116   120   969   676   271   1073   337   1049   895   654   439   
512   937   875   43   1190   775   833   1074   86   84   749   745   1204   891   35   1121   908   347   724   1172   
408   587   1135   580   1106   145   262   582   22   31   1150   129   679   595   1012   1229   451   594   1130   685   
243   21   428   82   1088   185   673   291   925   1193   518   65   215   1307   483   47   435   1189   263   170   
405   605   1001   1175   46   652   191   53   1280   159   436   572   668   525   914   841   74   648   49   1041   
821   666   699   562   1161   1126   372   316   430   544   931   968   1146   705   1110   288   974   855   1260   265   
707   831   918   729   1253   1061   1259   64   354   643   75   1221   996   589   1162   853   1304   380   322   911   
680   328   39   731   982   997   111   418   1032   1149   863   152   555   1127   688   788   622   187   663   161   
1282   867   936   29   1217   961   657   426   547   1202   165   942   207   317   880   471   985   761   1158   567   
348   407   702   283   882   1118   307   359   139   333   939   824   147   625   861   511   385   136   182   858   
1269   166   665   71   83   669   791   542   1277   169   17   290   768   1068   275   474   1288   119   340   237   
1292   279   1310   599   276   130   1000   1178   442   789   213   681   1219   496   546   1156   738   19   42   541   
787   904   757   32   519   967   913   553   1247   96   376   513   251   1208   701   1248   4   1037   365   660   
1034   902   238   1021   981   1090   686   268   28   377   814   892   704   543   1069   784   296   241   256   558   
1312   1148   1071   667   1020   864   476   1096   638   492   896   1171   1195   1029   137   230   1077   1011   1053   741   
924   1279   1016   200   940   948   817   438   871   559   1143   877   690   560   351   980   1093   995   100   1014   
633   393   1013   994   779   847   1145   767   763   810   375   583   38   1268   717   508   50   527   1028   642   
298   506   1230   1316   571   335   540   754   733   926   212   526   383   1285   231   441   1305   465   597   1214   
240   1255   1242   1294   1289   157   419   1107   284   331   1076   258   406   1313   718   61   531   1218   566   523   
329   93   181   1270   536   1238   807   538   978   1070   1116   713   1191   489   1103   503   898   1199   639   933   
872   414   26   103   624   752   1136   121   1005   402   1207   242   1257   445   404   501   481   596   929   394   
101   1057   208   919   619   234   94   140   1072   799   992   528   907   107   1059   1209   54   148   272   167   
832   30   984   570   600   1291   664   1220   302   677   345   883   133   1025   530   1092   150   1137   548   1098   
592   698   23   694   310   989   1054   830   1157   953   371   410   1213   1231   399   529   838   550   491   27   
13   662   1018   1085   720   370   386   158   1087   388   950   1192   1173   232   500   514   1004   1144   866   1223   
794   1267   464   413   991   311   922   1262   1125   478   965   480   325   468   450   448   905   429   736   250   
647   477   293   81   146   635   0   44   201   457   482   60   959   786   854   947   1266   73   627   62   
1296   287   811   195   374   452   189   856   591   78   735   92   1200   9   697   144   72   267   608   970   
1243   899   714   876   36   721   696   1094   556   358   469   434   222   955   20   346   261   744   949   108   
1287   938   1226   730   1046   549   879   57   1009   1080   1033   355   1216   1179   3   1186   640   927   826   51   
1272   889   1138   1236   278   774   485   773   585   809   1042   319   909   952   151   1133   750   282   174   1274   
606   463   672   498   497   653   803   472   444   611   1183   792   470   1165   117   179   764   343   790   1052   
1155   305   618   1117   504   217   1024   1240   590   432   443   300   760   246   440   816   87   743   41   616   
812   77   906   628   1050   844   726   709   1007   1275   946   507   1284   1185   728   1251   308   461   7   581   
362   756   1169   1293   209   114   1109   963   1311   332   269   382   431   229   631   920   781   364   716   1315   
330   1206   341   573   34   1065   186   59   1232   930   893   1102   1308   678   401   983   79   1252   301   473   
869   309   289   1233   569   368   1167   131   1174   1063   1303   338   1154   962   868   1222   684   820   1245   1   
1227   1181   294   1210   1100   703   910   199   253   746   1067   1198   397   715   48   515   68   183   815   421   
342   24   102   1119   706   1023   45   423   823   588   339   297   539   204   917   710   202   33   885   825   
90   644   762   609   1224   534   416   467   551   1314   1045   537   1225   175   1043   1058   219   110   192   964   
118   979   177   1055   1099   1015   1159   353   446   1026   143   671   848   456   15   870   1091   225   1184   782   
732   244   818   758   218   579   623   886   124   1152   387   661   420   568   753   196   76   1306   636   805   
245   603   748   1300   1003   1283   943   154   1151   274   793   1097   168   828   975   280   973   11   840   921   
320   312   126   598   1153   176   554   1082   95   632   1211   819   860   845   458   1112   798   651   785   862   
466   66   361   778   557   851   780   321   127   396   1036   522   617   576   1048   422   827   285   1062   708   
226   255   1164   772   412   1031   751   400   988   682   494   1281   295   561   916   966   1256   415   1290   160   
123   190   878   495   1298   395   722   12   327   1249   945   138   273   55   141   659   106   755   646   901   
184   797   479   621   1241   360   447   1017   1123   932   366   1147   89   1239   626   804   771   770   986   859   
874   900   1234   233   228   801   1168   564   1276   1002   516   437   629   1079   923   427   944   1180   197   604   
535   1047   1187   941   634   6   459   734   286   178   674   260   173   315   695   171   259   957   649   521   
533   1060   577   252   1309   344   1081   1141   739   1215   894   1170   318   1006   1140   236   1301   658   615   10   
172   1122   210   1182   277   134   509   417   1177   999   897   1113   765   990   299   303   725   693   257   1278   
1008   956   281   
